16
7.5
8.3
4.8
6.7
5.5
11.5
9.8
7.7
11.2
9.8
8.3
9.1
14.9
10.8
12.7
7.6
10.2
9
9
7.4
6.9
13.1
20.1
13
5.3
8.2
8.8
7.9
10.2
10.7
11.8
14.3
12.5
11.7
13.7
15.5
11.2
12.2
11.4
10.6
15
15.2
12.3
6.7
6.4
9.6
11.2
10
12.1
11.5
9.3
6
7
8.2
12.7
14.3
14.5
10.2
7.2
8.8
8
6.5
5.5
8.9
16.4
14
9.2
13.6
11.7
12.6
10.5
12.5
11
6.5
7.6
10.5
8.2
9.3
7.6
11.1
13.6
13.6
13.1
11.6
6.9
10.3
13.8
14.8
7.7
10.4
10.1
7.2
11.3
13.8
14.6
11.1
11.4
12.2
12.6
13.9
10.4
8.8
6.3
11.1
11.4
18.4
10.6
8.5
8.3
8.4
10.7
12.3
14.2
12.9
13.3
10.2
8.9
4.7
7
6.5
4.8
9.4
9.1
15.6
12.7
8.2
7.4
4.8
8.4
10.7
12.9
10.8
13.7
10.2
23.3
15.3
13.4
12.6
17.2
18
16
6.5
17.2
12.2
19.9
16.6
17.1
5.5
12.3
13.6
11.8
13.3
17.3
10.4
11.7
14.2
24
16.4
5.6
10.6
15
13.2
21.4
22.8
22.8
14.4
15.6
9.8
14.3
15
16.4
19.4
19.2
20.1
17.4
7
4.8
14.4
14.5
17.1
11.4
17.8
12.5
17.2
14.5
11.3
11.1
11.7
14.7
14.3
13
14.7
9.1
13
17
13
11.3
16.2
15.2
13.2
6.5
11
28.3
7.2
12.4
11.5
13.8
12.8
18.5
20.1
22.8
18.2
16.7
6.7
13.5
12.3
11.3
9.4
9.2
6.5
13
17.5
4.9
5
6.1
8.2
10.9
3.6
3.3
15.9
11.8
11.3
18.8
7.1
15.4
12.5
14.6
17.7
15.5
10.6
13.8
9.6
13.8
18.9
19.3
10.3
14
18.2
9.2
16.5
21.2
7
25
28
11
9.1
9.3
9.7
8.8
20.4
25.5
21.6
31.7
34
16.7
21.2
22.7
11.2
18.8
19.8
21.2
25.5
17.9
21.2
19.9
13.4
16.4
13.7
11.1
12.7
12.4
14
18.3
10.1
23.6
18.5
16.6
17.3
18.3
18.5
15
15.4
17.9
16.7
6.6
8.9
11.1
7.1
8.3
6.5
8.2
16.5
15.1
19
19.7
16.9
11.3
9.5
6.5
13.1
13.4
9.3
5.5
5.6
9.5
11.3
7.9
15.7
12.6
10.7
8.2
9
13.2
10.9
22.1
18.6
11.9
13.2
17.3
22.5
17.7
13.8
9.1
11.5
9
7.1
7.7
9
14.3
12
5.4
10.8
11
8.5
12.2
9.8
7.8
13.5
13.5
10.3
12.8
8
14.8
14.9
9.8
9.1
15.6
13.8
13.3
17
14
