Land;2020;2017;2015;2010;2000;1980;1950;1900;1820;1700;1500
Kina;1439324;1409517;1397029;1359755;1283199;993877;554419
India;1380004;1339180;1309054;1230981;1053051;696784;376325;235500;209000;165000;110000
USA;331003;324459;319929;308641;281983;229763;158804;76391;9981;1000;2000
Indonesia;273524;263991;258162;242524;211540;147490;69543;45100;17927;13100;10700
Pakistan;220892;197016;189381;170560;138523;78068;37542
Brasil;212559;209288;205962;196796;175288;121160;53975;17984;4507;1250;1000
Nigeria;206140;190886;181182;158578;122352;73461;37860
Bangladesh;164689;164670;161201;152149;131581;81471;37895
Russland;145934;143990;143888;143154;146397;138059;102799;71162
Mexico;128933;129163;125891;117319;101720;69361;28013;13607;6587;4500;7500
Japan;126476;127484;127975;128552;127534
Etiopia;114964;104957;99873;87703;66537;35265;18128;11901
Filippinene;109581;104918;101716;94727;77992;47397;18580;7324;2176
Egypt;102334;97553;93770;84108;69906;44099;20713;10186;4194;4500;4000
Vietnam;97339;95541;93572;88473;80286
Den demokratiske republikken Kongo;89561;81340;76197;64523;47076;26357;12184
Tyrkia;84339;80745;78271;72327;63240;43976;21408;14000;10074;8400;6300
Iran;83993;81163;79360;74568;66132;38668;17119;9860;6560;5000;4000
Tyskland;83784;82114;81708;80895;81488;78301;69966;54388;24905;15000;12000
Thailand;69800;69038;68658;67209;62958;47385;20710;7320;4665
Storbritannia;67886;66182;65397;63307;58951;56265;50616;41155;21239;8565;3942
Frankrike;65274;64980;64457;63027;59608;54071;41880;38900;31250;21471;15000
Italia;60462;59360;59504;59730;57294;56419;46599;33672;20176;13300;10500
Tanzania;59734;57310;53880;46099;34178;18683;7650
Sør-Afrika;59309;56717;55291;51585;45728;29760;13628
Myanmar;54410;53371;52404;50156;46095;33370;17152;10174;3506
Kenya;53771;49700;47236;41350;31450;16269;6077;1352
Sør-Korea;51269;50982;50594;49553;47386;38050;19211;9896;9395
Colombia;50883;49066;48229;45918;40404;27738;12341;4604;1206
Spania;46755;46354;46398;46789;40904;37797;28070;18566;12203;8770;6800
Uganda;45741;43883;40145;33915;24039;12550;5158;1800
Argentina;45196;44271;43418;41224;37057;28106;17150;4542;534
Algerie;43851;42863;39872;36118;31184;19338;8872;4000;2689;1750;1500
Sudan;43849;40533;38648;34386;27251;14507;5734;2800;5156;4400;4000
Ukraina;43734;44223;44658;45793;48840;49969;37298;24900
Irak;40222;38275;3611;30763;23565;13653;5719;2060;1093;1000;1000
Afghanistan;38928;35530;3373;28803;20094;13248;7752;5100;3280
Polen;37847;38171;38265;38323;38550;35535;24824;24750;10426;6000;4000
Canada;37742;36624;3595;34169;30736;24537;13733;5457;816;200;250
Marokko;36910;35740;34803;32410;28850;20020;8986;3800;2689;1750;1500
Saudi-Arabia;34814;32938;31557;27426;20764;9741;3121;2500;2091
Usbekistan;33469;31911;30976;28606;24849;15940;6264
Peru;32972;32165;31377;29374;25915;17359;7728;3000;1317;1300;4000
Angola;32866;29784;27859;23369;16441;8930;4548;2400
Malaysia;32366;31624;30723;28112;23186;13798;6110
Mosambik;31255;29669;28011;24221;18086;11848;6152;2600;2096;1500;1000
Ghana;31073;28834;27583;24512;18939;10802;4981;2800
Jemen;29826;28250;26916;23607;17875;8120;4402;3000;2593
Nepal;29137;29305;28656;27023;23741;14902;8483;5283;3881
Venezuela;28436;31977;31155;29028;24488;15344;5482;2445;718
Madagaskar;27691;25571;24234;21152;15767;8717;4084;2707;1683;1000;700
Kamerun;26546;24054;22835;19970;15274;8618;4307;3500
Elfenbenskysten;26378;24295;23108;20401;16687;8294;2630;950
Nord-Korea;25779;25491;25244;24592;22929;17472;10549;4800;4345
Australia;25500;24451;23800;22120;19066;14946;8177;3741;334;450;450
Niger;24207;21477;19897;16426;11353;5989;2560;1570
Taiwan;23817;23626;23486;23102;21840;17717;7623;2794;2000
Sri Lanka;21413;20877;20714;20198;18782;15036;7971;3912;1213
Burkina Faso;20903;19193;18111;15605;11608;6823;4248;2375
Mali;20251;18542;17468;15075;10968;7090;4708
Romania;19238;19679;19877;20440;22128;22612;16236;11000;6389;2500;2000
Chile;19116;18055;17763;16993;15263;11266;6188;2867;771
Malawi;19130;18622;17574;15167;11376;6163;2954
Kasakhstan;18777;18204;17750;16399;15057;14906;6703;4947
Zambia;18384;17094;16101;13850;10531;5889;2310
Guatemala;17916;16914;16252;14630;11651;7283;3115;1046;595
Ecuador;17643;16625;16144;14935;12629;7976;3470;1271;500
Syria;17501;18270;18735;21019;16411;8931;3413;1900;1337
Nederland;17135;17036;16938;16683;15926;14148;10042;5142;2333;1900;950
Senegal;16744;15851;14977;12916;9884;5593;2487;1230
Kambodsja;16719;16005;15518;14309;12152;6692;4433;2900;2090
Tsjad;16426;14900;14009;11887;8343;4512;2402;810
Somalia;15893;14743;13908;12053;9011;6359;2264;700;1000;950;800
Zimbabwe;14863;16530;15777;14086;12222;7164;2747
Guinea;13133;12717;1209;10794;8809;4512;3094
Rwanda;12952;12208;11630;10247;8026;5141;2186
Tunisia;11819;11532;11274;10640;9699;6368;3605;1890;875;800;800
Sør-Sudan;11194;12576;11882;10067;6701;4705;2583
Cuba;11327;11485;11461;11333;11151;9835;5920;1500;605
Belgia;11590;11429;11288;10939;10282;9869;8638;6719;3434;2000;1400
Benin;12123;11176;10576;9199;6866;3717;2255
Hellas;10423;11160;11218;11446;11142;9635;7669;4962;2312;1500;1000
Bolivia;11673;11052;10725;9918;8340;5590;3090;1500;1100
Haiti;11403;10981;10711;10000;8549;5689;3221
Burundi;11891;10864;10199;8767;6401;4117;2309
Den dominikanske republikk;10848;10767;10528;9898;8563;5809;2365;610;89
Tsjekkia;10709;10618;10604;10536;10290;10349;8903;9435
Portugal;10197;10330;10418;10652;10355;9805;8417;5404;3297;2000;1000
Sverige;10099;9911;9764;9390;8882;8316;7010;5117;2573;1260;550
Aserbajdsjan;10139;9828;9617;9032;8123;6151;2928;1710
Ungarn;9660;9722;9784;9928;10221;10755;9338;7127;4146;1500;1250
Jordan;10203;9702;9159;7182;5103;2374;481;340;217
Belarus;9449;9468;9486;9473;9934;9634;7745
De forente arabiske emirater;9890;9400;9154;8271;3155;1042;70
Honduras;9905;9265;8961;8195;6524;3678;1547
Tadsjikistan;9538;8921;8549;7642;6216;3905;1532
Serbia Serbia;9737;8791;8851;9030;9488;8908;6732;2650
Østerrike;9006;8735;8679;8410;8069;7610;6936;5973;3369;2500;2000
Sveits;8655;8476;8320;7832;7167;6304;4668;3300;1986;1200;650
Israel;8656;8322;8065;7426;6014;3745;1258
Papua Ny-Guinea;8947;8251;7920;7108;5572;3304;1674
Togo;8279;7798;7417;6503;4970;2721;1395;920
Sierra Leone;7977;7557;7237;6459;4564;3365;2041;1000
Hongkong;7497;7365;7246;7025;6664;4915;1974;306;20
Bulgaria;6948;7085;7177;7405;7998;8879;7251;4000;2187;1250;800
Laos;7276;6858;6664;6246;5329;3258;1683;1200;470
Paraguay;7133;6811;6639;6210;5303;3181;1473;636;143
El Salvador;6486;6378;6312;6165;5868;4581;2200;1116;248
Libya;6871;6375;6235;6169;5356;3219;1125
Nicaragua;6525;6218;6082;5738;5027;3250;1295;515;186
Libanon;6825;6082;5851;4337;3235;2605;1335;600;332
Kirgisistan;6524;6045;5865;5422;4921;3611;1740
Turkmenistan;6031;5758;5565;5087;4516;2877;1211
Danmark;5792;5734;5689;5555;5341;5124;4268;2561;1155;700;600
Singapore;5850;5709;5535;5074;3914;2412;1022;215;30
Finland;5541;5523;5503;5366;5188;4788;4008;2646;1169;400;300
Slovakia;5457;5448;5439;5404;5399;4997;3437;2783
Norge;5421;5305;5200;4886;4499;4086;3265;2230;970;500;300
Republikken Kongo;5518;5261;4996;4387;3226;1840;827;280
Eritrea;3546;5069;4847;4391;3393;2386;1142;220
Palestina;5101;4921;4663;4067;3223;1509;932;650;332
Costa Rica;5094;4906;4808;4545;3925;2389;959;341;63
Irland;4938;4762;4700;4627;3849;3435;2913;4469;7101;1925;800
Liberia;5058;4732;4500;3948;2885;1888;930;664
New Zealand;4822;4706;4615;4370;3859;3147;1908;807;100;100;100
Den sentralafrikanske republikk;4830;4659;4546;4449;3755;2280;1327
Oman;5107;4636;4200;3041;2268;1154;456
Mauritania;4650;4420;4182;3610;2709;1534;660;540
Kroatia;4105;4189;4236;4328;4428;4598;3850
Kuwait;4271;4137;3936;2998;2051;1372;153;40
Panama;4315;4099;3969;3643;3030;1979;860;300;1
Moldova;4034;4051;4066;4084;4201;4010;2341
Georgia;3989;3912;3952;4232;4722;5018;3527
Puerto Rico;2861;3663;3674;3717;3797;3188;2218;986;248
Bosnia-Hercegovina;3281;3507;3536;3722;3767;4180;2661
Uruguay;3474;3457;3432;3374;3321;2916;2239;943;55
Mongolia;3278;3076;2977;2713;2397;1690;780;700;619
Armenia;2963;2930;2917;2877;3070;3100;1354;850
Albania;2878;2930;2923;2941;3122;2681;1263;800;437;300;200
Jamaica;2961;2890;2872;2817;2657;2163;1403;820;401
Litauen;2722;2890;2932;3124;3502;3431;2567
Qatar;2881;2639;2482;1780;592;224;25;11
Namibia;2541;2534;2426;2173;1899;1013;485;210
Botswana;2352;2292;2209;2015;1728;1001;413;90
Lesotho;2142;2233;2175;2041;1869;1310;734
Gambia;2417;2101;1978;1692;1232;604;271;165
Nord-Makedonia;2083;2083;2079;2071;2035;1924;1254
Slovenia;2079;2080;2075;2045;1988;1836;1473
Gabon;2226;2025;1930;1640;1231;729;473;240
Latvia;1886;1950;1993;2119;2384;2521;1927
Guinea-Bissau;1968;1861;1771;1556;1243;801;535;200
Bahrain;1702;1493;1372;1241;665;360;116;70
Trinidad og Tobago;1399;1369;1360;1328;1268;1085;646;320;60
Eswatini;1160;1367;1319;1203;1061;603;273;90
Estland;1327;1310;1315;1332;1399;1474;1101
Øst-Timor;1318;1296;1241;1110;872;588;433;300
Ekvatorial-Guinea;1403;1268
Mauritius;1272;1265;1259;1248;1185;966;493;375
Kypros;1207;1180;1161;1113;943;685;494;240
Djibouti;988;957;927;851;718;359;62
Fiji;896;906;892;860;811;635;289;125
Réunion;895;877;863;831;737;509;248;178
Komorene;870;814;777;690;542;308;159;112
Bhutan;772;808;787;728;573;409;177;280
Guyana;787;778;769;747;753;780;407
Montenegro;628;629;628;624;614;581;395;320
Macao;649;623;601;537;428;238;196;80
Salomonøyene;687;611;587;528;413;231;90
Luxembourg;626;583;567;508;436;364;296;252
Surinam;587;563;553;526;472;363;215;86
Vest-Sahara;597;553;526;480;314;151;14
Kapp Verde;556;546;533;502;435;287;178;140
Guadeloupe;400;450;450;451;425;330;210;190
Maldivene;541;436;418;365;280;158;74;56
Malta;442;431;428;416;397;333;312;195
Brunei;437;429;418;389;333;194;48;22
Bahamas;393;395;387;361;298;211;79
